Replica  State  Lambda Lambda1 Lambda2 Alpha U0 W0coeff Temperature Status  Cycle 
     0       9   0.800  0.000  0.400  0.100 110.00   0.00 300.00     W   3319
     1       1   0.100  0.000  0.200  0.100 110.00   0.00 300.00     R   3318
     2       3   0.300  0.100  0.500  0.100 110.00   0.00 300.00     W   3318
     3       0   0.000  0.000  0.000  0.100 110.00   0.00 300.00     W   3318
     4       6   0.500  0.500  0.500  0.100 110.00   0.00 300.00     W   3318
     5       8   0.700  0.100  0.500  0.100 110.00   0.00 300.00     W   3318
     6       4   0.400  0.300  0.500  0.100 110.00   0.00 300.00     W   3318
     7      11   1.000  0.000  0.000  0.100 110.00   0.00 300.00     W   3318
     8       5   0.500  0.500  0.500  0.100 110.00   0.00 300.00     W   3318
     9       2   0.200  0.000  0.400  0.100 110.00   0.00 300.00     W   3318
    10       7   0.600  0.300  0.500  0.100 110.00   0.00 300.00     W   3318
    11      10   0.900  0.000  0.200  0.100 110.00   0.00 300.00     W   3318
Running = 1
Waiting = 11
