Replica  State  Lambda Lambda1 Lambda2 Alpha U0 W0coeff Temperature Status  Cycle 
     0       6   0.500  0.500  0.500  0.100 110.00   0.00 300.00     W   4085
     1       2   0.200  0.000  0.400  0.100 110.00   0.00 300.00     W   4085
     2       3   0.300  0.100  0.500  0.100 110.00   0.00 300.00     W   4085
     3       5   0.500  0.500  0.500  0.100 110.00   0.00 300.00     W   4085
     4       7   0.600  0.300  0.500  0.100 110.00   0.00 300.00     W   4085
     5      11   1.000  0.000  0.000  0.100 110.00   0.00 300.00     W   4085
     6       1   0.100  0.000  0.200  0.100 110.00   0.00 300.00     W   4084
     7      10   0.900  0.000  0.200  0.100 110.00   0.00 300.00     W   4084
     8       4   0.400  0.300  0.500  0.100 110.00   0.00 300.00     W   4084
     9       9   0.800  0.000  0.400  0.100 110.00   0.00 300.00     W   4084
    10       0   0.000  0.000  0.000  0.100 110.00   0.00 300.00     W   4084
    11       8   0.700  0.100  0.500  0.100 110.00   0.00 300.00     W   4084
Running = 0
Waiting = 12
