Replica  State  Lambda Lambda1 Lambda2 Alpha U0 W0coeff Temperature Status  Cycle 
     0      11   1.000  0.000  0.000  0.100 110.00   0.00 300.00     R   3410
     1       9   0.800  0.000  0.400  0.100 110.00   0.00 300.00     W   3410
     2       7   0.600  0.300  0.500  0.100 110.00   0.00 300.00     W   3410
     3       2   0.200  0.000  0.400  0.100 110.00   0.00 300.00     W   3410
     4       3   0.300  0.100  0.500  0.100 110.00   0.00 300.00     W   3410
     5       4   0.400  0.300  0.500  0.100 110.00   0.00 300.00     W   3410
     6       5   0.500  0.500  0.500  0.100 110.00   0.00 300.00     W   3410
     7      10   0.900  0.000  0.200  0.100 110.00   0.00 300.00     W   3410
     8       1   0.100  0.000  0.200  0.100 110.00   0.00 300.00     W   3410
     9       0   0.000  0.000  0.000  0.100 110.00   0.00 300.00     W   3410
    10       8   0.700  0.100  0.500  0.100 110.00   0.00 300.00     W   3410
    11       6   0.500  0.500  0.500  0.100 110.00   0.00 300.00     R   3409
Running = 2
Waiting = 10
