Replica  State  Lambda Lambda1 Lambda2 Alpha U0 W0coeff Temperature Status  Cycle 
     0       4   0.200  0.000  0.400  0.100 110.00   0.00 300.00     W   1260
     1       7   0.350  0.200  0.500  0.100 110.00   0.00 300.00     W   1260
     2      20   0.950  0.000  0.100  0.100 110.00   0.00 300.00     R   1259
     3      11   0.500  0.500  0.500  0.100 110.00   0.00 300.00     W   1259
     4      18   0.850  0.000  0.300  0.100 110.00   0.00 300.00     W   1259
     5      19   0.900  0.000  0.200  0.100 110.00   0.00 300.00     W   1259
     6       3   0.150  0.000  0.300  0.100 110.00   0.00 300.00     W   1259
     7      15   0.700  0.100  0.500  0.100 110.00   0.00 300.00     W   1259
     8      17   0.800  0.000  0.400  0.100 110.00   0.00 300.00     W   1259
     9       2   0.100  0.000  0.200  0.100 110.00   0.00 300.00     W   1259
    10       6   0.300  0.100  0.500  0.100 110.00   0.00 300.00     W   1259
    11      21   1.000  0.000  0.000  0.100 110.00   0.00 300.00     W   1259
    12       0   0.000  0.000  0.000  0.100 110.00   0.00 300.00     W   1259
    13       8   0.400  0.300  0.500  0.100 110.00   0.00 300.00     W   1259
    14       1   0.050  0.000  0.100  0.100 110.00   0.00 300.00     W   1259
    15      14   0.650  0.200  0.500  0.100 110.00   0.00 300.00     W   1259
    16      12   0.550  0.400  0.500  0.100 110.00   0.00 300.00     W   1259
    17      16   0.750  0.000  0.500  0.100 110.00   0.00 300.00     W   1259
    18       9   0.450  0.400  0.500  0.100 110.00   0.00 300.00     W   1259
    19      13   0.600  0.300  0.500  0.100 110.00   0.00 300.00     W   1259
    20       5   0.250  0.000  0.500  0.100 110.00   0.00 300.00     W   1259
    21      10   0.500  0.500  0.500  0.100 110.00   0.00 300.00     W   1259
Running = 1
Waiting = 21
