Replica  State  Lambda Lambda1 Lambda2 Alpha U0 W0coeff Temperature Status  Cycle 
     0       6   0.300  0.100  0.500  0.100 110.00   0.00 300.00     W   1263
     1       1   0.050  0.000  0.100  0.100 110.00   0.00 300.00     W   1263
     2      20   0.950  0.000  0.100  0.100 110.00   0.00 300.00     W   1263
     3       3   0.150  0.000  0.300  0.100 110.00   0.00 300.00     W   1263
     4      16   0.750  0.000  0.500  0.100 110.00   0.00 300.00     W   1263
     5       7   0.350  0.200  0.500  0.100 110.00   0.00 300.00     W   1263
     6       4   0.200  0.000  0.400  0.100 110.00   0.00 300.00     W   1263
     7      17   0.800  0.000  0.400  0.100 110.00   0.00 300.00     W   1263
     8       8   0.400  0.300  0.500  0.100 110.00   0.00 300.00     W   1263
     9       9   0.450  0.400  0.500  0.100 110.00   0.00 300.00     W   1263
    10      18   0.850  0.000  0.300  0.100 110.00   0.00 300.00     W   1263
    11      11   0.500  0.500  0.500  0.100 110.00   0.00 300.00     R   1262
    12      13   0.600  0.300  0.500  0.100 110.00   0.00 300.00     W   1262
    13      12   0.550  0.400  0.500  0.100 110.00   0.00 300.00     W   1262
    14      14   0.650  0.200  0.500  0.100 110.00   0.00 300.00     W   1262
    15      10   0.500  0.500  0.500  0.100 110.00   0.00 300.00     W   1262
    16       5   0.250  0.000  0.500  0.100 110.00   0.00 300.00     W   1262
    17       0   0.000  0.000  0.000  0.100 110.00   0.00 300.00     W   1262
    18      15   0.700  0.100  0.500  0.100 110.00   0.00 300.00     W   1262
    19       2   0.100  0.000  0.200  0.100 110.00   0.00 300.00     W   1262
    20      21   1.000  0.000  0.000  0.100 110.00   0.00 300.00     W   1262
    21      19   0.900  0.000  0.200  0.100 110.00   0.00 300.00     W   1262
Running = 1
Waiting = 21
