Replica  State  Lambda Lambda1 Lambda2 Alpha U0 W0coeff Temperature Status  Cycle 
     0      20   0.950  0.000  0.100  0.100 110.00   0.00 300.00     W   1253
     1       2   0.100  0.000  0.200  0.100 110.00   0.00 300.00     W   1253
     2      19   0.900  0.000  0.200  0.100 110.00   0.00 300.00     W   1253
     3       8   0.400  0.300  0.500  0.100 110.00   0.00 300.00     W   1253
     4       6   0.300  0.100  0.500  0.100 110.00   0.00 300.00     W   1253
     5       9   0.450  0.400  0.500  0.100 110.00   0.00 300.00     W   1253
     6      21   1.000  0.000  0.000  0.100 110.00   0.00 300.00     W   1253
     7       3   0.150  0.000  0.300  0.100 110.00   0.00 300.00     W   1253
     8      15   0.700  0.100  0.500  0.100 110.00   0.00 300.00     W   1253
     9      17   0.800  0.000  0.400  0.100 110.00   0.00 300.00     W   1253
    10       0   0.000  0.000  0.000  0.100 110.00   0.00 300.00     W   1253
    11      14   0.650  0.200  0.500  0.100 110.00   0.00 300.00     W   1253
    12      12   0.550  0.400  0.500  0.100 110.00   0.00 300.00     R   1252
    13      11   0.500  0.500  0.500  0.100 110.00   0.00 300.00     R   1252
    14      18   0.850  0.000  0.300  0.100 110.00   0.00 300.00     W   1252
    15       7   0.350  0.200  0.500  0.100 110.00   0.00 300.00     W   1252
    16       5   0.250  0.000  0.500  0.100 110.00   0.00 300.00     W   1252
    17       4   0.200  0.000  0.400  0.100 110.00   0.00 300.00     W   1252
    18      16   0.750  0.000  0.500  0.100 110.00   0.00 300.00     W   1252
    19       1   0.050  0.000  0.100  0.100 110.00   0.00 300.00     W   1252
    20      10   0.500  0.500  0.500  0.100 110.00   0.00 300.00     W   1252
    21      13   0.600  0.300  0.500  0.100 110.00   0.00 300.00     W   1252
Running = 2
Waiting = 20
