Replica  State  Lambda Lambda1 Lambda2 Alpha U0 W0coeff Temperature Status  Cycle 
     0       8   0.700  0.100  0.500  0.100 110.00   0.00 300.00     W   2558
     1       2   0.200  0.000  0.400  0.100 110.00   0.00 300.00     W   2558
     2       9   0.800  0.000  0.400  0.100 110.00   0.00 300.00     W   2558
     3       6   0.500  0.500  0.500  0.100 110.00   0.00 300.00     W   2558
     4       1   0.100  0.000  0.200  0.100 110.00   0.00 300.00     W   2558
     5       7   0.600  0.300  0.500  0.100 110.00   0.00 300.00     W   2558
     6      11   1.000  0.000  0.000  0.100 110.00   0.00 300.00     W   2558
     7       4   0.400  0.300  0.500  0.100 110.00   0.00 300.00     W   2558
     8       0   0.000  0.000  0.000  0.100 110.00   0.00 300.00     W   2558
     9      10   0.900  0.000  0.200  0.100 110.00   0.00 300.00     R   2557
    10       3   0.300  0.100  0.500  0.100 110.00   0.00 300.00     R   2557
    11       5   0.500  0.500  0.500  0.100 110.00   0.00 300.00     W   2557
Running = 2
Waiting = 10
