Replica  State  Lambda Lambda1 Lambda2 Alpha U0 W0coeff Temperature Status  Cycle 
     0       6   0.300  0.100  0.500  0.100 110.00   0.00 300.00     R   1257
     1      20   0.950  0.000  0.100  0.100 110.00   0.00 300.00     R   1257
     2       0   0.000  0.000  0.000  0.100 110.00   0.00 300.00     W   1257
     3      21   1.000  0.000  0.000  0.100 110.00   0.00 300.00     W   1257
     4       4   0.200  0.000  0.400  0.100 110.00   0.00 300.00     W   1257
     5      16   0.750  0.000  0.500  0.100 110.00   0.00 300.00     W   1257
     6      15   0.700  0.100  0.500  0.100 110.00   0.00 300.00     W   1257
     7      17   0.800  0.000  0.400  0.100 110.00   0.00 300.00     W   1257
     8      19   0.900  0.000  0.200  0.100 110.00   0.00 300.00     W   1257
     9       9   0.450  0.400  0.500  0.100 110.00   0.00 300.00     W   1257
    10       3   0.150  0.000  0.300  0.100 110.00   0.00 300.00     W   1257
    11       2   0.100  0.000  0.200  0.100 110.00   0.00 300.00     W   1257
    12      11   0.500  0.500  0.500  0.100 110.00   0.00 300.00     W   1257
    13      12   0.550  0.400  0.500  0.100 110.00   0.00 300.00     W   1257
    14       7   0.350  0.200  0.500  0.100 110.00   0.00 300.00     W   1257
    15      10   0.500  0.500  0.500  0.100 110.00   0.00 300.00     W   1257
    16       5   0.250  0.000  0.500  0.100 110.00   0.00 300.00     W   1257
    17       1   0.050  0.000  0.100  0.100 110.00   0.00 300.00     W   1257
    18       8   0.400  0.300  0.500  0.100 110.00   0.00 300.00     W   1257
    19      13   0.600  0.300  0.500  0.100 110.00   0.00 300.00     W   1257
    20      18   0.850  0.000  0.300  0.100 110.00   0.00 300.00     W   1257
    21      14   0.650  0.200  0.500  0.100 110.00   0.00 300.00     W   1257
Running = 2
Waiting = 20
